#       time                file                area                mass    irreducible mass                spin      dimless spin-x      dimless spin-y      dimless spin-z  dimless spin-z-alt     linear mom. |P|      linear mom. Px      linear mom. Py      linear mom. Pz            origin_x            origin_y            origin_z            center_x            center_y            center_z
  12.0000000    2.4000000000e+01                 nan                 nan                 nan                 nan                 nan                 nan                 nan                 nan                 nan                 nan    0.0000000000e+00    0.0000000000e+00    8.0000000000e+00    8.0000000000e+00    0.0000000000e+00    8.0000000000e+00    8.0000000000e+00    0.0000000000e+00
  12.5000000    2.5000000000e+01                 nan                 nan                 nan                 nan                 nan                 nan                 nan                 nan                 nan                 nan    0.0000000000e+00    0.0000000000e+00    8.0000000000e+00    8.0000000000e+00    0.0000000000e+00    8.0000000000e+00    8.0000000000e+00    0.0000000000e+00
  13.0000000    2.6000000000e+01                 nan                 nan                 nan                 nan                 nan                 nan                 nan                 nan                 nan                 nan    0.0000000000e+00    0.0000000000e+00    8.0000000000e+00    8.0000000000e+00    0.0000000000e+00    8.0000000000e+00    8.0000000000e+00    0.0000000000e+00
  13.5000000    2.7000000000e+01                 nan                 nan                 nan                 nan                 nan                 nan                 nan                 nan                 nan                 nan    0.0000000000e+00    0.0000000000e+00    8.0000000000e+00    8.0000000000e+00    0.0000000000e+00    8.0000000000e+00    8.0000000000e+00    0.0000000000e+00
  14.0000000    2.8000000000e+01                 nan                 nan                 nan                 nan                 nan                 nan                 nan                 nan                 nan                 nan    0.0000000000e+00    0.0000000000e+00    8.0000000000e+00    8.0000000000e+00    0.0000000000e+00    8.0000000000e+00    8.0000000000e+00    0.0000000000e+00
  14.5000000    2.9000000000e+01                 nan                 nan                 nan                 nan                 nan                 nan                 nan                 nan                 nan                 nan    0.0000000000e+00    0.0000000000e+00    8.0000000000e+00    8.0000000000e+00    0.0000000000e+00    8.0000000000e+00    8.0000000000e+00    0.0000000000e+00
  15.0000000    3.0000000000e+01                 nan                 nan                 nan                 nan                 nan                 nan                 nan                 nan                 nan                 nan    0.0000000000e+00    0.0000000000e+00    8.0000000000e+00    8.0000000000e+00    0.0000000000e+00    8.0000000000e+00    8.0000000000e+00    0.0000000000e+00
  15.5000000    3.1000000000e+01                 nan                 nan                 nan                 nan                 nan                 nan                 nan                 nan                 nan                 nan    0.0000000000e+00    0.0000000000e+00    8.0000000000e+00    8.0000000000e+00    0.0000000000e+00    8.0000000000e+00    8.0000000000e+00    0.0000000000e+00
  16.0000000    3.2000000000e+01                 nan                 nan                 nan                 nan                 nan                 nan                 nan                 nan                 nan                 nan    0.0000000000e+00    0.0000000000e+00    8.0000000000e+00    8.0000000000e+00    0.0000000000e+00    8.0000000000e+00    8.0000000000e+00    0.0000000000e+00
  16.5000000    3.3000000000e+01                 nan                 nan                 nan                 nan                 nan                 nan                 nan                 nan                 nan                 nan    0.0000000000e+00    0.0000000000e+00    8.0000000000e+00    8.0000000000e+00    0.0000000000e+00    8.0000000000e+00    8.0000000000e+00    0.0000000000e+00
  17.0000000    3.4000000000e+01                 nan                 nan                 nan                 nan                 nan                 nan                 nan                 nan                 nan                 nan    0.0000000000e+00    0.0000000000e+00    8.0000000000e+00    8.0000000000e+00    0.0000000000e+00    8.0000000000e+00    8.0000000000e+00    0.0000000000e+00
  17.5000000    3.5000000000e+01                 nan                 nan                 nan                 nan                 nan                 nan                 nan                 nan                 nan                 nan    0.0000000000e+00    0.0000000000e+00    8.0000000000e+00    8.0000000000e+00    0.0000000000e+00    8.0000000000e+00    8.0000000000e+00    0.0000000000e+00
  18.0000000    3.6000000000e+01                 nan                 nan                 nan                 nan                 nan                 nan                 nan                 nan                 nan                 nan    0.0000000000e+00    0.0000000000e+00    8.0000000000e+00    8.0000000000e+00    0.0000000000e+00    8.0000000000e+00    8.0000000000e+00    0.0000000000e+00
  18.5000000    3.7000000000e+01                 nan                 nan                 nan                 nan                 nan                 nan                 nan                 nan                 nan                 nan    0.0000000000e+00    0.0000000000e+00    8.0000000000e+00    8.0000000000e+00    0.0000000000e+00    8.0000000000e+00    8.0000000000e+00    0.0000000000e+00
  19.0000000    3.8000000000e+01                 nan                 nan                 nan                 nan                 nan                 nan                 nan                 nan                 nan                 nan    0.0000000000e+00    0.0000000000e+00    8.0000000000e+00    8.0000000000e+00    0.0000000000e+00    8.0000000000e+00    8.0000000000e+00    0.0000000000e+00
  19.5000000    3.9000000000e+01                 nan                 nan                 nan                 nan                 nan                 nan                 nan                 nan                 nan                 nan    0.0000000000e+00    0.0000000000e+00    8.0000000000e+00    8.0000000000e+00    0.0000000000e+00    8.0000000000e+00    8.0000000000e+00    0.0000000000e+00
  20.0000000    4.0000000000e+01                 nan                 nan                 nan                 nan                 nan                 nan                 nan                 nan                 nan                 nan    0.0000000000e+00    0.0000000000e+00    8.0000000000e+00    8.0000000000e+00    0.0000000000e+00    8.0000000000e+00    8.0000000000e+00    0.0000000000e+00
  20.5000000    4.1000000000e+01                 nan                 nan                 nan                 nan                 nan                 nan                 nan                 nan                 nan                 nan    0.0000000000e+00    0.0000000000e+00    8.0000000000e+00    8.0000000000e+00    0.0000000000e+00    8.0000000000e+00    8.0000000000e+00    0.0000000000e+00
  21.0000000    4.2000000000e+01                 nan                 nan                 nan                 nan                 nan                 nan                 nan                 nan                 nan                 nan    0.0000000000e+00    0.0000000000e+00    8.0000000000e+00    8.0000000000e+00    0.0000000000e+00    8.0000000000e+00    8.0000000000e+00    0.0000000000e+00
  21.5000000    4.3000000000e+01                 nan                 nan                 nan                 nan                 nan                 nan                 nan                 nan                 nan                 nan    0.0000000000e+00    0.0000000000e+00    8.0000000000e+00    8.0000000000e+00    0.0000000000e+00    8.0000000000e+00    8.0000000000e+00    0.0000000000e+00
  22.0000000    4.4000000000e+01                 nan                 nan                 nan                 nan                 nan                 nan                 nan                 nan                 nan                 nan    0.0000000000e+00    0.0000000000e+00    8.0000000000e+00    8.0000000000e+00    0.0000000000e+00    8.0000000000e+00    8.0000000000e+00    0.0000000000e+00
  22.5000000    4.5000000000e+01                 nan                 nan                 nan                 nan                 nan                 nan                 nan                 nan                 nan                 nan    0.0000000000e+00    0.0000000000e+00    8.0000000000e+00    8.0000000000e+00    0.0000000000e+00    8.0000000000e+00    8.0000000000e+00    0.0000000000e+00
  23.0000000    4.6000000000e+01                 nan                 nan                 nan                 nan                 nan                 nan                 nan                 nan                 nan                 nan    0.0000000000e+00    0.0000000000e+00    8.0000000000e+00    8.0000000000e+00    0.0000000000e+00    8.0000000000e+00    8.0000000000e+00    0.0000000000e+00
  23.5000000    4.7000000000e+01                 nan                 nan                 nan                 nan                 nan                 nan                 nan                 nan                 nan                 nan    0.0000000000e+00    0.0000000000e+00    8.0000000000e+00    8.0000000000e+00    0.0000000000e+00    8.0000000000e+00    8.0000000000e+00    0.0000000000e+00
  24.0000000    4.8000000000e+01                 nan                 nan                 nan                 nan                 nan                 nan                 nan                 nan                 nan                 nan    0.0000000000e+00    0.0000000000e+00    8.0000000000e+00    8.0000000000e+00    0.0000000000e+00    8.0000000000e+00    8.0000000000e+00    0.0000000000e+00
  24.5000000    4.9000000000e+01                 nan                 nan                 nan                 nan                 nan                 nan                 nan                 nan                 nan                 nan    0.0000000000e+00    0.0000000000e+00    8.0000000000e+00    8.0000000000e+00    0.0000000000e+00    8.0000000000e+00    8.0000000000e+00    0.0000000000e+00
  25.0000000    5.0000000000e+01                 nan                 nan                 nan                 nan                 nan                 nan                 nan                 nan                 nan                 nan    0.0000000000e+00    0.0000000000e+00    8.0000000000e+00    8.0000000000e+00    0.0000000000e+00    8.0000000000e+00    8.0000000000e+00    0.0000000000e+00
  25.5000000    5.1000000000e+01                 nan                 nan                 nan                 nan                 nan                 nan                 nan                 nan                 nan                 nan    0.0000000000e+00    0.0000000000e+00    8.0000000000e+00    8.0000000000e+00    0.0000000000e+00    8.0000000000e+00    8.0000000000e+00    0.0000000000e+00
  26.0000000    5.2000000000e+01                 nan                 nan                 nan                 nan                 nan                 nan                 nan                 nan                 nan                 nan    0.0000000000e+00    0.0000000000e+00    8.0000000000e+00    8.0000000000e+00    0.0000000000e+00    8.0000000000e+00    8.0000000000e+00    0.0000000000e+00
  26.5000000    5.3000000000e+01                 nan                 nan                 nan                 nan                 nan                 nan                 nan                 nan                 nan                 nan    0.0000000000e+00    0.0000000000e+00    8.0000000000e+00    8.0000000000e+00    0.0000000000e+00    8.0000000000e+00    8.0000000000e+00    0.0000000000e+00
  27.0000000    5.4000000000e+01                 nan                 nan                 nan                 nan                 nan                 nan                 nan                 nan                 nan                 nan    0.0000000000e+00    0.0000000000e+00    8.0000000000e+00    8.0000000000e+00    0.0000000000e+00    8.0000000000e+00    8.0000000000e+00    0.0000000000e+00
  27.5000000    5.5000000000e+01                 nan                 nan                 nan                 nan                 nan                 nan                 nan                 nan                 nan                 nan    0.0000000000e+00    0.0000000000e+00    8.0000000000e+00    8.0000000000e+00    0.0000000000e+00    8.0000000000e+00    8.0000000000e+00    0.0000000000e+00
  28.0000000    5.6000000000e+01                 nan                 nan                 nan                 nan                 nan                 nan                 nan                 nan                 nan                 nan    0.0000000000e+00    0.0000000000e+00    8.0000000000e+00    8.0000000000e+00    0.0000000000e+00    8.0000000000e+00    8.0000000000e+00    0.0000000000e+00
  28.5000000    5.7000000000e+01                 nan                 nan                 nan                 nan                 nan                 nan                 nan                 nan                 nan                 nan    0.0000000000e+00    0.0000000000e+00    8.0000000000e+00    8.0000000000e+00    0.0000000000e+00    8.0000000000e+00    8.0000000000e+00    0.0000000000e+00
  29.0000000    5.8000000000e+01                 nan                 nan                 nan                 nan                 nan                 nan                 nan                 nan                 nan                 nan    0.0000000000e+00    0.0000000000e+00    8.0000000000e+00    8.0000000000e+00    0.0000000000e+00    8.0000000000e+00    8.0000000000e+00    0.0000000000e+00
  29.5000000    5.9000000000e+01                 nan                 nan                 nan                 nan                 nan                 nan                 nan                 nan                 nan                 nan    0.0000000000e+00    0.0000000000e+00    8.0000000000e+00    8.0000000000e+00    0.0000000000e+00    8.0000000000e+00    8.0000000000e+00    0.0000000000e+00
  30.0000000    6.0000000000e+01                 nan                 nan                 nan                 nan                 nan                 nan                 nan                 nan                 nan                 nan    0.0000000000e+00    0.0000000000e+00    8.0000000000e+00    8.0000000000e+00    0.0000000000e+00    8.0000000000e+00    8.0000000000e+00    0.0000000000e+00
  30.5000000    6.1000000000e+01                 nan                 nan                 nan                 nan                 nan                 nan                 nan                 nan                 nan                 nan    0.0000000000e+00    0.0000000000e+00    8.0000000000e+00    8.0000000000e+00    0.0000000000e+00    8.0000000000e+00    8.0000000000e+00    0.0000000000e+00
  31.0000000    6.2000000000e+01                 nan                 nan                 nan                 nan                 nan                 nan                 nan                 nan                 nan                 nan    0.0000000000e+00    0.0000000000e+00    8.0000000000e+00    8.0000000000e+00    0.0000000000e+00    8.0000000000e+00    8.0000000000e+00    0.0000000000e+00
  31.5000000    6.3000000000e+01                 nan                 nan                 nan                 nan                 nan                 nan                 nan                 nan                 nan                 nan    0.0000000000e+00    0.0000000000e+00    8.0000000000e+00    8.0000000000e+00    0.0000000000e+00    8.0000000000e+00    8.0000000000e+00    0.0000000000e+00
  32.0000000    6.4000000000e+01                 nan                 nan                 nan                 nan                 nan                 nan                 nan                 nan                 nan                 nan    0.0000000000e+00    0.0000000000e+00    8.0000000000e+00    8.0000000000e+00    0.0000000000e+00    8.0000000000e+00    8.0000000000e+00    0.0000000000e+00
  32.5000000    6.5000000000e+01                 nan                 nan                 nan                 nan                 nan                 nan                 nan                 nan                 nan                 nan    0.0000000000e+00    0.0000000000e+00    8.0000000000e+00    8.0000000000e+00    0.0000000000e+00    8.0000000000e+00    8.0000000000e+00    0.0000000000e+00
  33.0000000    6.6000000000e+01                 nan                 nan                 nan                 nan                 nan                 nan                 nan                 nan                 nan                 nan    0.0000000000e+00    0.0000000000e+00    8.0000000000e+00    8.0000000000e+00    0.0000000000e+00    8.0000000000e+00    8.0000000000e+00    0.0000000000e+00
  33.5000000    6.7000000000e+01                 nan                 nan                 nan                 nan                 nan                 nan                 nan                 nan                 nan                 nan    0.0000000000e+00    0.0000000000e+00    8.0000000000e+00    8.0000000000e+00    0.0000000000e+00    8.0000000000e+00    8.0000000000e+00    0.0000000000e+00
  34.0000000    6.8000000000e+01                 nan                 nan                 nan                 nan                 nan                 nan                 nan                 nan                 nan                 nan    0.0000000000e+00    0.0000000000e+00    8.0000000000e+00    8.0000000000e+00    0.0000000000e+00    8.0000000000e+00    8.0000000000e+00    0.0000000000e+00
  34.5000000    6.9000000000e+01                 nan                 nan                 nan                 nan                 nan                 nan                 nan                 nan                 nan                 nan    0.0000000000e+00    0.0000000000e+00    8.0000000000e+00    8.0000000000e+00    0.0000000000e+00    8.0000000000e+00    8.0000000000e+00    0.0000000000e+00
  35.0000000    7.0000000000e+01                 nan                 nan                 nan                 nan                 nan                 nan                 nan                 nan                 nan                 nan    0.0000000000e+00    0.0000000000e+00    8.0000000000e+00    8.0000000000e+00    0.0000000000e+00    8.0000000000e+00    8.0000000000e+00    0.0000000000e+00
  35.5000000    7.1000000000e+01                 nan                 nan                 nan                 nan                 nan                 nan                 nan                 nan                 nan                 nan    0.0000000000e+00    0.0000000000e+00    8.0000000000e+00    8.0000000000e+00    0.0000000000e+00    8.0000000000e+00    8.0000000000e+00    0.0000000000e+00
  36.0000000    7.2000000000e+01                 nan                 nan                 nan                 nan                 nan                 nan                 nan                 nan                 nan                 nan    0.0000000000e+00    0.0000000000e+00    8.0000000000e+00    8.0000000000e+00    0.0000000000e+00    8.0000000000e+00    8.0000000000e+00    0.0000000000e+00
  36.5000000    7.3000000000e+01                 nan                 nan                 nan                 nan                 nan                 nan                 nan                 nan                 nan                 nan    0.0000000000e+00    0.0000000000e+00    8.0000000000e+00    8.0000000000e+00    0.0000000000e+00    8.0000000000e+00    8.0000000000e+00    0.0000000000e+00
  37.0000000    7.4000000000e+01                 nan                 nan                 nan                 nan                 nan                 nan                 nan                 nan                 nan                 nan    0.0000000000e+00    0.0000000000e+00    8.0000000000e+00    8.0000000000e+00    0.0000000000e+00    8.0000000000e+00    8.0000000000e+00    0.0000000000e+00
  37.5000000    7.5000000000e+01                 nan                 nan                 nan                 nan                 nan                 nan                 nan                 nan                 nan                 nan    0.0000000000e+00    0.0000000000e+00    8.0000000000e+00    8.0000000000e+00    0.0000000000e+00    8.0000000000e+00    8.0000000000e+00    0.0000000000e+00
  38.0000000    7.6000000000e+01                 nan                 nan                 nan                 nan                 nan                 nan                 nan                 nan                 nan                 nan    0.0000000000e+00    0.0000000000e+00    8.0000000000e+00    8.0000000000e+00    0.0000000000e+00    8.0000000000e+00    8.0000000000e+00    0.0000000000e+00
  38.5000000    7.7000000000e+01                 nan                 nan                 nan                 nan                 nan                 nan                 nan                 nan                 nan                 nan    0.0000000000e+00    0.0000000000e+00    8.0000000000e+00    8.0000000000e+00    0.0000000000e+00    8.0000000000e+00    8.0000000000e+00    0.0000000000e+00
  39.0000000    7.8000000000e+01                 nan                 nan                 nan                 nan                 nan                 nan                 nan                 nan                 nan                 nan    0.0000000000e+00    0.0000000000e+00    8.0000000000e+00    8.0000000000e+00    0.0000000000e+00    8.0000000000e+00    8.0000000000e+00    0.0000000000e+00
  39.5000000    7.9000000000e+01                 nan                 nan                 nan                 nan                 nan                 nan                 nan                 nan                 nan                 nan    0.0000000000e+00    0.0000000000e+00    8.0000000000e+00    8.0000000000e+00    0.0000000000e+00    8.0000000000e+00    8.0000000000e+00    0.0000000000e+00
  40.0000000    8.0000000000e+01                 nan                 nan                 nan                 nan                 nan                 nan                 nan                 nan                 nan                 nan    0.0000000000e+00    0.0000000000e+00    8.0000000000e+00    8.0000000000e+00    0.0000000000e+00    8.0000000000e+00    8.0000000000e+00    0.0000000000e+00
  40.5000000    8.1000000000e+01                 nan                 nan                 nan                 nan                 nan                 nan                 nan                 nan                 nan                 nan    0.0000000000e+00    0.0000000000e+00    8.0000000000e+00    8.0000000000e+00    0.0000000000e+00    8.0000000000e+00    8.0000000000e+00    0.0000000000e+00
  41.0000000    8.2000000000e+01                 nan                 nan                 nan                 nan                 nan                 nan                 nan                 nan                 nan                 nan    0.0000000000e+00    0.0000000000e+00    8.0000000000e+00    8.0000000000e+00    0.0000000000e+00    8.0000000000e+00    8.0000000000e+00    0.0000000000e+00
  41.5000000    8.3000000000e+01                 nan                 nan                 nan                 nan                 nan                 nan                 nan                 nan                 nan                 nan    0.0000000000e+00    0.0000000000e+00    8.0000000000e+00    8.0000000000e+00    0.0000000000e+00    8.0000000000e+00    8.0000000000e+00    0.0000000000e+00
  42.0000000    8.4000000000e+01                 nan                 nan                 nan                 nan                 nan                 nan                 nan                 nan                 nan                 nan    0.0000000000e+00    0.0000000000e+00    8.0000000000e+00    8.0000000000e+00    0.0000000000e+00    8.0000000000e+00    8.0000000000e+00    0.0000000000e+00
  42.5000000    8.5000000000e+01                 nan                 nan                 nan                 nan                 nan                 nan                 nan                 nan                 nan                 nan    0.0000000000e+00    0.0000000000e+00    8.0000000000e+00    8.0000000000e+00    0.0000000000e+00    8.0000000000e+00    8.0000000000e+00    0.0000000000e+00
  43.0000000    8.6000000000e+01                 nan                 nan                 nan                 nan                 nan                 nan                 nan                 nan                 nan                 nan    0.0000000000e+00    0.0000000000e+00    8.0000000000e+00    8.0000000000e+00    0.0000000000e+00    8.0000000000e+00    8.0000000000e+00    0.0000000000e+00
  43.5000000    8.7000000000e+01                 nan                 nan                 nan                 nan                 nan                 nan                 nan                 nan                 nan                 nan    0.0000000000e+00    0.0000000000e+00    8.0000000000e+00    8.0000000000e+00    0.0000000000e+00    8.0000000000e+00    8.0000000000e+00    0.0000000000e+00
  44.0000000    8.8000000000e+01                 nan                 nan                 nan                 nan                 nan                 nan                 nan                 nan                 nan                 nan    0.0000000000e+00    0.0000000000e+00    8.0000000000e+00    8.0000000000e+00    0.0000000000e+00    8.0000000000e+00    8.0000000000e+00    0.0000000000e+00
  44.5000000    8.9000000000e+01                 nan                 nan                 nan                 nan                 nan                 nan                 nan                 nan                 nan                 nan    0.0000000000e+00    0.0000000000e+00    8.0000000000e+00    8.0000000000e+00    0.0000000000e+00    8.0000000000e+00    8.0000000000e+00    0.0000000000e+00
  45.0000000    9.0000000000e+01                 nan                 nan                 nan                 nan                 nan                 nan                 nan                 nan                 nan                 nan    0.0000000000e+00    0.0000000000e+00    8.0000000000e+00    8.0000000000e+00    0.0000000000e+00    8.0000000000e+00    8.0000000000e+00    0.0000000000e+00
  45.5000000    9.1000000000e+01                 nan                 nan                 nan                 nan                 nan                 nan                 nan                 nan                 nan                 nan    0.0000000000e+00    0.0000000000e+00    8.0000000000e+00    8.0000000000e+00    0.0000000000e+00    8.0000000000e+00    8.0000000000e+00    0.0000000000e+00
  46.0000000    9.2000000000e+01                 nan                 nan                 nan                 nan                 nan                 nan                 nan                 nan                 nan                 nan    0.0000000000e+00    0.0000000000e+00    8.0000000000e+00    8.0000000000e+00    0.0000000000e+00    8.0000000000e+00    8.0000000000e+00    0.0000000000e+00
  46.5000000    9.3000000000e+01                 nan                 nan                 nan                 nan                 nan                 nan                 nan                 nan                 nan                 nan    0.0000000000e+00    0.0000000000e+00    8.0000000000e+00    8.0000000000e+00    0.0000000000e+00    8.0000000000e+00    8.0000000000e+00    0.0000000000e+00
  47.0000000    9.4000000000e+01                 nan                 nan                 nan                 nan                 nan                 nan                 nan                 nan                 nan                 nan    0.0000000000e+00    0.0000000000e+00    8.0000000000e+00    8.0000000000e+00    0.0000000000e+00    8.0000000000e+00    8.0000000000e+00    0.0000000000e+00
  47.5000000    9.5000000000e+01                 nan                 nan                 nan                 nan                 nan                 nan                 nan                 nan                 nan                 nan    0.0000000000e+00    0.0000000000e+00    8.0000000000e+00    8.0000000000e+00    0.0000000000e+00    8.0000000000e+00    8.0000000000e+00    0.0000000000e+00
  48.0000000    9.6000000000e+01                 nan                 nan                 nan                 nan                 nan                 nan                 nan                 nan                 nan                 nan    0.0000000000e+00    0.0000000000e+00    8.0000000000e+00    8.0000000000e+00    0.0000000000e+00    8.0000000000e+00    8.0000000000e+00    0.0000000000e+00
  48.5000000    9.7000000000e+01                 nan                 nan                 nan                 nan                 nan                 nan                 nan                 nan                 nan                 nan    0.0000000000e+00    0.0000000000e+00    8.0000000000e+00    8.0000000000e+00    0.0000000000e+00    8.0000000000e+00    8.0000000000e+00    0.0000000000e+00
  49.0000000    9.8000000000e+01                 nan                 nan                 nan                 nan                 nan                 nan                 nan                 nan                 nan                 nan    0.0000000000e+00    0.0000000000e+00    8.0000000000e+00    8.0000000000e+00    0.0000000000e+00    8.0000000000e+00    8.0000000000e+00    0.0000000000e+00
  49.5000000    9.9000000000e+01                 nan                 nan                 nan                 nan                 nan                 nan                 nan                 nan                 nan                 nan    0.0000000000e+00    0.0000000000e+00    8.0000000000e+00    8.0000000000e+00    0.0000000000e+00    8.0000000000e+00    8.0000000000e+00    0.0000000000e+00
  50.0000000    1.0000000000e+02                 nan                 nan                 nan                 nan                 nan                 nan                 nan                 nan                 nan                 nan    0.0000000000e+00    0.0000000000e+00    8.0000000000e+00    8.0000000000e+00    0.0000000000e+00    8.0000000000e+00    8.0000000000e+00    0.0000000000e+00
  50.5000000    1.0100000000e+02                 nan                 nan                 nan                 nan                 nan                 nan                 nan                 nan                 nan                 nan    0.0000000000e+00    0.0000000000e+00    8.0000000000e+00    8.0000000000e+00    0.0000000000e+00    8.0000000000e+00    8.0000000000e+00    0.0000000000e+00
  51.0000000    1.0200000000e+02                 nan                 nan                 nan                 nan                 nan                 nan                 nan                 nan                 nan                 nan    0.0000000000e+00    0.0000000000e+00    8.0000000000e+00    8.0000000000e+00    0.0000000000e+00    8.0000000000e+00    8.0000000000e+00    0.0000000000e+00
  51.5000000    1.0300000000e+02                 nan                 nan                 nan                 nan                 nan                 nan                 nan                 nan                 nan                 nan    0.0000000000e+00    0.0000000000e+00    8.0000000000e+00    8.0000000000e+00    0.0000000000e+00    8.0000000000e+00    8.0000000000e+00    0.0000000000e+00
  52.0000000    1.0400000000e+02                 nan                 nan                 nan                 nan                 nan                 nan                 nan                 nan                 nan                 nan    0.0000000000e+00    0.0000000000e+00    8.0000000000e+00    8.0000000000e+00    0.0000000000e+00    8.0000000000e+00    8.0000000000e+00    0.0000000000e+00
  52.5000000    1.0500000000e+02                 nan                 nan                 nan                 nan                 nan                 nan                 nan                 nan                 nan                 nan    0.0000000000e+00    0.0000000000e+00    8.0000000000e+00    8.0000000000e+00    0.0000000000e+00    8.0000000000e+00    8.0000000000e+00    0.0000000000e+00
  53.0000000    1.0600000000e+02                 nan                 nan                 nan                 nan                 nan                 nan                 nan                 nan                 nan                 nan    0.0000000000e+00    0.0000000000e+00    8.0000000000e+00    8.0000000000e+00    0.0000000000e+00    8.0000000000e+00    8.0000000000e+00    0.0000000000e+00
  53.5000000    1.0700000000e+02                 nan                 nan                 nan                 nan                 nan                 nan                 nan                 nan                 nan                 nan    0.0000000000e+00    0.0000000000e+00    8.0000000000e+00    8.0000000000e+00    0.0000000000e+00    8.0000000000e+00    8.0000000000e+00    0.0000000000e+00
  54.0000000    1.0800000000e+02                 nan                 nan                 nan                 nan                 nan                 nan                 nan                 nan                 nan                 nan    0.0000000000e+00    0.0000000000e+00    8.0000000000e+00    8.0000000000e+00    0.0000000000e+00    8.0000000000e+00    8.0000000000e+00    0.0000000000e+00
  54.5000000    1.0900000000e+02                 nan                 nan                 nan                 nan                 nan                 nan                 nan                 nan                 nan                 nan    0.0000000000e+00    0.0000000000e+00    8.0000000000e+00    8.0000000000e+00    0.0000000000e+00    8.0000000000e+00    8.0000000000e+00    0.0000000000e+00
  55.0000000    1.1000000000e+02                 nan                 nan                 nan                 nan                 nan                 nan                 nan                 nan                 nan                 nan    0.0000000000e+00    0.0000000000e+00    8.0000000000e+00    8.0000000000e+00    0.0000000000e+00    8.0000000000e+00    8.0000000000e+00    0.0000000000e+00
  55.5000000    1.1100000000e+02                 nan                 nan                 nan                 nan                 nan                 nan                 nan                 nan                 nan                 nan    0.0000000000e+00    0.0000000000e+00    8.0000000000e+00    8.0000000000e+00    0.0000000000e+00    8.0000000000e+00    8.0000000000e+00    0.0000000000e+00
  56.0000000    1.1200000000e+02                 nan                 nan                 nan                 nan                 nan                 nan                 nan                 nan                 nan                 nan    0.0000000000e+00    0.0000000000e+00    8.0000000000e+00    8.0000000000e+00    0.0000000000e+00    8.0000000000e+00    8.0000000000e+00    0.0000000000e+00
  56.5000000    1.1300000000e+02                 nan                 nan                 nan                 nan                 nan                 nan                 nan                 nan                 nan                 nan    0.0000000000e+00    0.0000000000e+00    8.0000000000e+00    8.0000000000e+00    0.0000000000e+00    8.0000000000e+00    8.0000000000e+00    0.0000000000e+00
  57.0000000    1.1400000000e+02                 nan                 nan                 nan                 nan                 nan                 nan                 nan                 nan                 nan                 nan    0.0000000000e+00    0.0000000000e+00    8.0000000000e+00    8.0000000000e+00    0.0000000000e+00    8.0000000000e+00    8.0000000000e+00    0.0000000000e+00
  57.5000000    1.1500000000e+02                 nan                 nan                 nan                 nan                 nan                 nan                 nan                 nan                 nan                 nan    0.0000000000e+00    0.0000000000e+00    8.0000000000e+00    8.0000000000e+00    0.0000000000e+00    8.0000000000e+00    8.0000000000e+00    0.0000000000e+00
  58.0000000    1.1600000000e+02                 nan                 nan                 nan                 nan                 nan                 nan                 nan                 nan                 nan                 nan    0.0000000000e+00    0.0000000000e+00    8.0000000000e+00    8.0000000000e+00    0.0000000000e+00    8.0000000000e+00    8.0000000000e+00    0.0000000000e+00
  58.5000000    1.1700000000e+02                 nan                 nan                 nan                 nan                 nan                 nan                 nan                 nan                 nan                 nan    0.0000000000e+00    0.0000000000e+00    8.0000000000e+00    8.0000000000e+00    0.0000000000e+00    8.0000000000e+00    8.0000000000e+00    0.0000000000e+00
  59.0000000    1.1800000000e+02                 nan                 nan                 nan                 nan                 nan                 nan                 nan                 nan                 nan                 nan    0.0000000000e+00    0.0000000000e+00    8.0000000000e+00    8.0000000000e+00    0.0000000000e+00    8.0000000000e+00    8.0000000000e+00    0.0000000000e+00
  59.5000000    1.1900000000e+02                 nan                 nan                 nan                 nan                 nan                 nan                 nan                 nan                 nan                 nan    0.0000000000e+00    0.0000000000e+00    8.0000000000e+00    8.0000000000e+00    0.0000000000e+00    8.0000000000e+00    8.0000000000e+00    0.0000000000e+00
  60.0000000    1.2000000000e+02                 nan                 nan                 nan                 nan                 nan                 nan                 nan                 nan                 nan                 nan    0.0000000000e+00    0.0000000000e+00    8.0000000000e+00    8.0000000000e+00    0.0000000000e+00    8.0000000000e+00    8.0000000000e+00    0.0000000000e+00
  60.5000000    1.2100000000e+02                 nan                 nan                 nan                 nan                 nan                 nan                 nan                 nan                 nan                 nan    0.0000000000e+00    0.0000000000e+00    8.0000000000e+00    8.0000000000e+00    0.0000000000e+00    8.0000000000e+00    8.0000000000e+00    0.0000000000e+00
  61.0000000    1.2200000000e+02                 nan                 nan                 nan                 nan                 nan                 nan                 nan                 nan                 nan                 nan    0.0000000000e+00    0.0000000000e+00    8.0000000000e+00    8.0000000000e+00    0.0000000000e+00    8.0000000000e+00    8.0000000000e+00    0.0000000000e+00
  61.5000000    1.2300000000e+02                 nan                 nan                 nan                 nan                 nan                 nan                 nan                 nan                 nan                 nan    0.0000000000e+00    0.0000000000e+00    8.0000000000e+00    8.0000000000e+00    0.0000000000e+00    8.0000000000e+00    8.0000000000e+00    0.0000000000e+00
  62.0000000    1.2400000000e+02                 nan                 nan                 nan                 nan                 nan                 nan                 nan                 nan                 nan                 nan    0.0000000000e+00    0.0000000000e+00    8.0000000000e+00    8.0000000000e+00    0.0000000000e+00    8.0000000000e+00    8.0000000000e+00    0.0000000000e+00
